5963
28436
12405
5556
23471
25464
674
4315
22906
21688
24986
12054
18927
23859
23644
461
22857
26642
9859
24060
29569
31109
10135
1632
17608
5967
9690
28178
3628
5809
23353
14833
526
21209
19523
9720
21161
1980
8075
11505
7192
12839
9036
19248
18942
15219
29660
29248
28197
6895
21102
24352
7067
25855
20739
24955
13662
22301
23396
19641
28779
25499
315
30996
30780
2218
27500
17533
25620
14014
20350
7930
13579
1099
17963
8852
2402
31669
13992
3628
20259
28360
32459
2179
6306
21649
6867
19903
4416
31850
7107
15678
3593
20550
4405
2151
28973
10631
7337
28658